0.348
0.929
1.486
2.043
2.601
3.158
3.738
4.296
4.853
5.41
5.968
6.525
7.082
7.663
8.22
8.777
9.358
9.892
10.472
11.029
11.587
12.144
12.701
13.282
13.839
14.396
14.954
15.511
16.068
16.625
17.183
17.763
18.321
18.878
19.458
20.016
20.573
21.13
21.687
22.245
22.802
23.382
23.94
24.497
25.054
25.635
26.192
26.749
27.307
27.864
28.421
28.979
29.536
30.116
30.674
31.231
31.788
32.345
32.926
33.483
34.04
34.598
35.155
35.736
36.293
36.85
37.407
37.965
38.499
39.079
39.636
40.217
40.774
41.332
41.889
42.469
43.003
43.584
44.141
44.698
45.279
45.836
46.393
46.951
47.508
48.065
48.623
49.203
49.76
50.318
50.875
51.432
51.989
52.57
53.127
53.685
54.242
54.799
55.356
55.914
56.494
57.051
57.609
58.166
58.723
59.281
59.861
60.418
60.976
61.533
62.09
62.671
63.228
63.785
64.342
64.9
65.457
66.038
66.595
67.152
67.709
68.267
68.847
69.404
69.962
70.519
71.076
71.657
72.191
72.771
73.329
73.886
74.443
75.024
75.581
76.138
76.696
77.23
77.81
78.391
78.948
79.505
80.062
80.643
81.2
81.734
82.315
82.872
83.429
83.987
84.544
85.124
85.682
86.239
86.796
87.353
87.911
88.491
89.049
89.629
90.163
90.72
91.301
91.858
92.415
92.996
93.553
94.11
94.668
95.225
95.782
96.363
96.92
97.477
98.035
98.592
99.172
99.73
100.287
100.844
101.402
101.959
102.516
103.097
103.607
104.211
104.768
105.326
105.883
106.44
107.021
107.578
108.135
108.693
109.25
109.83
110.364
110.945
111.502
112.06
112.617
113.174
113.755
114.312
114.869
115.426
115.984
116.564
117.121
117.679
118.236
118.793
119.351
119.931
120.488
121.046
121.603
122.16
122.741
123.298
123.855
124.413
124.97
125.55
126.108
126.688
127.222
127.779
128.313
128.894
129.474
130.032
130.589
131.146
131.727
132.284
132.841
133.422
133.979
134.536
135.094
135.651
136.208
136.789
137.346
137.903
138.461
139.018
139.575
140.156
140.713
141.27
141.827
142.385
142.942
143.523
144.08
144.637
145.194
145.752
146.332
146.889
147.447
148.004
148.561
149.119
149.699
150.256
150.814
151.371
151.928
152.509
153.066
153.623
154.18
154.738
155.295
155.876
156.433
156.99
157.547
158.105
158.685
159.242
159.8
160.357
160.914
161.472
162.052
162.609
163.167
163.724
164.281
164.862
165.419
165.976
166.534
167.044
167.648
168.205
168.786
169.343
169.9
170.458
171.015
171.595
172.153
172.71
173.267
173.825
174.405
174.962
175.52
176.077
176.634
177.191
177.772
178.329
178.887
179.444
180.001
180.582
181.139
181.696
182.253
182.834
183.391
183.948
184.506
185.063
185.597
186.178
186.735
187.315
187.873
188.43
188.987
189.568
190.125
190.682
191.24
191.797
192.354
192.935
193.469
194.049
194.606
195.164
195.721
196.301
196.859
197.439
197.973
198.554
199.111
199.668
200.202
200.783
201.34
201.898
202.455
203.012
203.593
204.15
204.707
205.288
205.845
206.402
206.959
207.54
208.097
208.655
209.212
209.769
210.326
210.907
211.464
212.021
212.579
213.136
213.693
214.251
214.831
215.388
215.946
216.503
217.06
217.641
218.175
218.755
219.312
219.893
220.45
221.008
221.565
222.122
222.679
223.26
223.817
224.374
224.932
225.512
226.069
226.627
227.184
227.741
228.299
228.856
229.413
229.994
230.551
231.108
231.665
232.246
232.803
233.361
233.918
234.498
235.056
235.613
236.17
236.727
237.285
237.842
238.422
238.98
239.537
240.094
240.675
241.232
241.789
242.347
242.904
243.461
244.019
244.599
245.156
245.714
246.271
246.828
247.385
247.966
248.523
249.08
249.638
250.195
250.776
251.333
251.89
252.447
253.005
253.585
254.142
254.7
255.257
255.814
256.372
256.952
257.509
258.067
258.624
259.204
259.762
260.319
260.876
261.457
261.991
262.571