0.139
0.557
1.068
1.486
2.02
2.531
3.065
3.599
4.11
4.644
5.178
5.712
6.246
6.757
7.291
7.825
8.336
8.87
9.404
9.938
10.472
10.983
11.517
12.051
12.562
13.096
13.63
14.164
14.675
15.209
15.743
16.277
16.788
17.322
17.856
18.39
18.901
19.435
19.946
20.48
21.014
21.548
22.059
22.593
23.127
23.661
24.195
24.706
25.24
25.774
26.308
26.819
27.353
27.887
28.398
28.932
29.466
30.0
30.511
31.045
31.579
32.113
32.624
33.158
33.692
34.226
34.76
35.271
35.805
36.339
36.85
37.384
37.918
38.452
38.963
39.497
40.031
40.542
41.076
41.61
42.144
42.678
43.189
43.723
44.257
44.791
45.302
45.836
46.37
46.904
47.415
47.949
48.483
48.994
49.528
50.062
50.596
51.107
51.641
52.175
52.709
53.22
53.754
54.288
54.822
55.333
55.867
56.401
56.935
57.446
57.98
58.514
59.048
59.582
60.093
60.627
61.138
61.672
62.206
62.74
63.251
63.785
64.319
64.853
65.364
65.898
66.432
66.966
67.477
68.011
68.545
69.079
69.59
70.124
70.658
71.192
71.703
72.237
72.771
73.282
73.816
74.35
74.884
75.418
75.929
76.463
76.997
77.531
78.042
78.576
79.11
79.644
80.155
80.689
81.223
81.757
82.268
82.802
83.336
83.847
84.381
84.915
85.449
85.983
86.494
87.028
87.562
88.073
88.607
89.141
89.675
90.21
90.72
91.254
91.788
92.299
92.833
93.367
93.901
94.436
94.946
95.48
95.991
96.525
97.059
97.593
98.104
98.638
99.172
99.706
100.217
100.751
101.285
101.82
102.33
102.864
103.398
103.933
104.443
104.977
105.511
106.046
106.556
107.09
107.624
108.159
108.669
109.203
109.738
110.272
110.782
111.316
111.851
112.385
112.895
113.429
113.964
114.498
115.008
115.542
116.077
116.611
117.121
117.656
118.19
118.724
119.234
119.769
120.279
120.813
121.347
121.882
122.416
122.926
123.46
123.995